inst/data/test.asc
ncols        324
nrows        360
xllcorner    77665.000000000000
yllcorner    218635.000000000000
cellsize     10.000000000000
NODATA_value  -9999
[rows 20 to 39 of 360, columns 270 to 314 of 324]
1766.4090576171875 1767.822998046875 1770.178955078125 1773.822021484375 1777.0179443359375 1780.4210205078125 1783.156982421875 1783.72705078125 1785.635986328125 1790.873046875 1796.302001953125 1798.426025390625 1800.0030517578125 1796.9420166015625 1796.3289794921875 1800.260986328125 1804.2540283203125 1807.511962890625 1810.739013671875 1815.123046875 1823.1090087890625 1829.1829833984375 1828.60498046875 1831.739990234375 1834.4859619140625 1836.916015625 1837.5899658203125 1836.27197265625 1838.4000244140625 1843.448974609375 1848.800048828125 1850.0830078125 1849.845947265625 1848.3929443359375 1845.22705078125 1839.54296875 1834.949951171875 1830.01904296875 1826.218017578125 1822.7239990234375 1820.8680419921875 1818.9320068359375 1816.365966796875 1812.697021484375 1807.866943359375
1774.3780517578125 1775.6519775390625 1779.2430419921875 1780.52099609375 1782.9300537109375 1785.876953125 1788.1319580078125 1789.39697265625 1790.85498046875 1793.60498046875 1798.050048828125 1804.0880126953125 1805.4630126953125 1804.0880126953125 1801.5260009765625 1803.7679443359375 1807.4329833984375 1811.3790283203125 1815.280029296875 1819.571044921875 1827.41796875 1831.4990234375 1834.239990234375 1836.3819580078125 1839.02197265625 1841.6319580078125 1843.6500244140625 1842.4420166015625 1843.001953125 1847.281005859375 1851.6810302734375 1855.8409423828125 1855.8189697265625 1852.925048828125 1849.3599853515625 1843.824951171875 1840.02001953125 1836.1409912109375 1831.616943359375 1827.4310302734375 1824.8570556640625 1822.093994140625 1820.1190185546875 1815.1490478515625 1811.291015625
1779.4000244140625 1784.0030517578125 1787.050048828125 1785.4649658203125 1790.2340087890625 1791.5030517578125 1794.1390380859375 1795.8470458984375 1797.04296875 1798.7110595703125 1801.407958984375 1805.362060546875 1808.7559814453125 1809.1099853515625 1806.2550048828125 1808.5150146484375 1810.887939453125 1814.72900390625 1819.0240478515625 1823.2060546875 1828.1500244140625 1833.8070068359375 1838.5269775390625 1841.68896484375 1844.0880126953125 1847.2449951171875 1849.8289794921875 1848.8570556640625 1846.405029296875 1852.1629638671875 1856.4539794921875 1860.93798828125 1862.0770263671875 1857.81201171875 1853.8699951171875 1849.3780517578125 1845.81298828125 1841.238037109375 1836.5830078125 1832.1209716796875 1827.89599609375 1825.1939697265625 1823.666015625 1819.0810546875 1814.333984375
1784.969970703125 1788.2110595703125 1791.2889404296875 1793.071044921875 1796.1409912109375 1798.0889892578125 1799.4990234375 1802.2449951171875 1802.927978515625 1803.1820068359375 1805.89599609375 1809.2159423828125 1811.7469482421875 1813.7869873046875 1813.4539794921875 1812.8330078125 1814.5140380859375 1817.5269775390625 1822.469970703125 1826.7039794921875 1831.14501953125 1836.68798828125 1840.9090576171875 1844.916015625 1850.29296875 1853.363037109375 1853.7220458984375 1853.02099609375 1850.7659912109375 1855.573974609375 1860.373046875 1865.06298828125 1866.508056640625 1862.7989501953125 1858 1852.8590087890625 1849.2900390625 1845.22705078125 1841.1319580078125 1836.43798828125 1832.0679931640625 1828.958984375 1825.1240234375 1820.9549560546875 1817.18505859375
1788.666015625 1793.14599609375 1796.259033203125 1798.5489501953125 1800.5849609375 1804.52197265625 1806.0810546875 1808.116943359375 1808.655029296875 1808.8699951171875 1810.2449951171875 1813.196044921875 1815.302001953125 1817.9339599609375 1817.2239990234375 1819.26904296875 1820.0880126953125 1822.2249755859375 1825.2900390625 1829.406005859375 1834.530029296875 1839.012939453125 1844.22802734375 1848.5240478515625 1853.3489990234375 1856.6689453125 1857.238037109375 1856.4449462890625 1855.3199462890625 1858.8800048828125 1864.4720458984375 1869.1829833984375 1869.782958984375 1865.6719970703125 1861.4720458984375 1856.625 1853.1300048828125 1849.571044921875 1844.906982421875 1841.0489501953125 1835.8299560546875 1832.1820068359375 1827.4840087890625 1823.5689697265625 1819.4229736328125
1795.001953125 1797.677978515625 1801.8330078125 1803.886962890625 1806.0980224609375 1808.5240478515625 1810.29296875 1813.4239501953125 1813.97998046875 1814.1290283203125 1815.6390380859375 1817.845947265625 1820.56494140625 1822.06298828125 1821.5369873046875 1823.64404296875 1825.2679443359375 1827.56298828125 1830.43505859375 1833.238037109375 1837.6820068359375 1841.9599609375 1845.7659912109375 1851.0460205078125 1856.4539794921875 1859.5450439453125 1859.843017578125 1859.260986328125 1858.4639892578125 1860.802001953125 1866.3280029296875 1872.8349609375 1873.4520263671875 1869.458984375 1865.4219970703125 1860.9859619140625 1857.5 1853.843994140625 1849.4300537109375 1844.0360107421875 1840.0469970703125 1835.1510009765625 1830.6099853515625 1825.6009521484375 1821.301025390625
1800.8349609375 1803.112060546875 1807.012939453125 1809.6180419921875 1812.3599853515625 1814.6939697265625 1817.321044921875 1819.3389892578125 1820.009033203125 1819.5279541015625 1820.4300537109375 1823.27197265625 1826.2320556640625 1825.97802734375 1825.916015625 1828.22802734375 1830.2159423828125 1833.343017578125 1835.22998046875 1838.0240478515625 1840.0780029296875 1844.81494140625 1848.593994140625 1853.0780029296875 1857.6629638671875 1860.0050048828125 1861.1739501953125 1861.677978515625 1861.5069580078125 1861.8709716796875 1867.572021484375 1874.31494140625 1878.6939697265625 1875.47998046875 1871.0179443359375 1865.6800537109375 1862.3079833984375 1857.7760009765625 1853.656005859375 1848.470947265625 1844.7139892578125 1838.583984375 1833.39501953125 1828.18505859375 1823.9019775390625
1806.3740234375 1808.760009765625 1811.738037109375 1815.5340576171875 1818.302001953125 1818.81005859375 1823.4200439453125 1825.20703125 1826.02099609375 1826.4019775390625 1826.345947265625 1829.030029296875 1831.7879638671875 1830.5670166015625 1830.68505859375 1833.0140380859375 1834.4200439453125 1837.8270263671875 1839.7139892578125 1842.54296875 1845.5770263671875 1847.885009765625 1851.282958984375 1855.595947265625 1859.6510009765625 1860.9949951171875 1863.0479736328125 1863.98095703125 1863.863037109375 1863.761962890625 1868.60498046875 1875.365966796875 1881.241943359375 1881.2469482421875 1875.991943359375 1870.2249755859375 1866.6259765625 1862.2430419921875 1857.5050048828125 1852.240966796875 1847.27197265625 1843.0240478515625 1836.1800537109375 1830.2860107421875 1826.113037109375
1810.1090087890625 1813.9100341796875 1817.2900390625 1821.3489990234375 1822.9429931640625 1825.737060546875 1829.1259765625 1831.1400146484375 1832.4189453125 1831.240966796875 1832.0469970703125 1832.9090576171875 1836.7099609375 1834.6829833984375 1835.134033203125 1838.0679931640625 1840.0250244140625 1842.7049560546875 1845.1920166015625 1847.2850341796875 1850.7220458984375 1852.968994140625 1854.5670166015625 1856.5849609375 1860.9599609375 1863.0350341796875 1864.8570556640625 1866.552001953125 1866.2320556640625 1867.4449462890625 1870.85595703125 1876.47802734375 1884.031982421875 1884.1629638671875 1879.6700439453125 1875.239013671875 1870.5579833984375 1865.7760009765625 1861.178955078125 1856.698974609375 1851.68505859375 1846.2950439453125 1839.197021484375 1833.01904296875 1828.4119873046875
1817.01904296875 1818.0260009765625 1822.947998046875 1825.6619873046875 1830.1639404296875 1832.3709716796875 1833.5269775390625 1836.0179443359375 1838.3299560546875 1837.33203125 1836.9200439453125 1839.06103515625 1841.4610595703125 1838.7769775390625 1841.1810302734375 1843.470947265625 1845.2750244140625 1849.2120361328125 1850.81005859375 1853.135009765625 1854.8599853515625 1857.093994140625 1859.300048828125 1863.54296875 1866.5689697265625 1867.510009765625 1868.9200439453125 1870.677001953125 1871.4949951171875 1872.4189453125 1874.5340576171875 1881.571044921875 1888.593994140625 1887.6400146484375 1883.7120361328125 1877.887939453125 1874.862060546875 1869.532958984375 1864.6070556640625 1859.637939453125 1856.362060546875 1849.947021484375 1843.072021484375 1836.376953125 1830.4830322265625
1821.489990234375 1822.553955078125 1825.97802734375 1830.321044921875 1835.3260498046875 1837.532958984375 1839.3499755859375 1841.8199462890625 1843.3399658203125 1843.0419921875 1843.2559814453125 1845.6300048828125 1845.3890380859375 1844.9420166015625 1845.9100341796875 1848.113037109375 1850.52099609375 1853.56005859375 1855.7750244140625 1858.718017578125 1860.6180419921875 1863.1009521484375 1866.989013671875 1871.114013671875 1874.572998046875 1874.5340576171875 1875.720947265625 1876.22900390625 1877.5379638671875 1877.31005859375 1881.6629638671875 1887.8409423828125 1893.4720458984375 1891.5760498046875 1886.3480224609375 1881.1240234375 1877.5419921875 1872.532958984375 1867.77294921875 1863.0570068359375 1860.0360107421875 1853.7650146484375 1845.4150390625 1838.885986328125 1833.6190185546875
1827.3609619140625 1828.89404296875 1832.2960205078125 1836.373046875 1838.6810302734375 1843.322021484375 1846.5579833984375 1847.4429931640625 1849.22900390625 1849.45703125 1849.6490478515625 1851.137939453125 1851.4530029296875 1850.345947265625 1851.3790283203125 1853.677978515625 1855.9549560546875 1858.0479736328125 1861.406005859375 1863.416015625 1866.4110107421875 1869.2230224609375 1874.8409423828125 1878.9219970703125 1879.8370361328125 1881.571044921875 1881.864013671875 1883.1729736328125 1883.60302734375 1883.93994140625 1888.18701171875 1894.41796875 1898.8890380859375 1894.0550537109375 1889.386962890625 1884.8900146484375 1879.9239501953125 1875.550048828125 1870.7509765625 1865.64501953125 1863.0350341796875 1857.4830322265625 1849.8900146484375 1841.802978515625 1835.60595703125
1833.18505859375 1834.884033203125 1837.2919921875 1841.9210205078125 1844.43896484375 1849.89501953125 1851.4930419921875 1852.7850341796875 1854.990966796875 1856.2039794921875 1854.833984375 1857.16796875 1856.927001953125 1857.4169921875 1857.4219970703125 1860.31201171875 1861.998046875 1864.56396484375 1865.9739990234375 1869.322998046875 1873.3389892578125 1876.740966796875 1881.9169921875 1885.3409423828125 1885.0260009765625 1887.2060546875 1886.93505859375 1890.4549560546875 1891.5760498046875 1890.0169677734375 1895.845947265625 1899.883056640625 1899.7650146484375 1896.384033203125 1891.239013671875 1886.8740234375 1882.7919921875 1877.3409423828125 1872.9620361328125 1868.0579833984375 1865.114990234375 1860.083984375 1853.4940185546875 1845.1920166015625 1838.031982421875
1838.7550048828125 1842.446044921875 1844.72802734375 1847.79296875 1851.6290283203125 1854.41796875 1856.89599609375 1860.2679443359375 1861.97998046875 1863.10498046875 1861.510986328125 1863.428955078125 1863.1319580078125 1861.6820068359375 1862.7509765625 1864.5369873046875 1866.6829833984375 1869.782958984375 1873.238037109375 1876.321044921875 1879.9730224609375 1883.52001953125 1887.031005859375 1891.0250244140625 1890.06103515625 1891.8919677734375 1895.324951171875 1895.4339599609375 1897.2080078125 1897.0670166015625 1902.4139404296875 1905.2030029296875 1900.302978515625 1898.258056640625 1893.2359619140625 1889.260009765625 1884.7320556640625 1879.3990478515625 1874.998046875 1870.427001953125 1867.3570556640625 1862.3079833984375 1856.1300048828125 1849.7060546875 1841.219970703125
1844.5660400390625 1847.780029296875 1851.39599609375 1853.8570556640625 1857.3909912109375 1859.115966796875 1864.2960205078125 1867.0030517578125 1868.0450439453125 1869.699951171875 1867.9219970703125 1869.196044921875 1869.1090087890625 1865.8990478515625 1869.717041015625 1870.9219970703125 1873.89501953125 1876.1099853515625 1880.218017578125 1882.8280029296875 1886.3790283203125 1889.72900390625 1893.4200439453125 1895.2459716796875 1895.4820556640625 1898.02197265625 1901.68701171875 1902.987060546875 1901.967041015625 1905.115966796875 1908.592041015625 1907.4630126953125 1902.470947265625 1898.64794921875 1895.6920166015625 1890.4949951171875 1885.458984375 1880.8699951171875 1876.863037109375 1871.928955078125 1868.3819580078125 1863.54296875 1857.8900146484375 1851.22998046875 1841.845947265625
1850.126953125 1853.178955078125 1856.9229736328125 1860.81494140625 1863.092041015625 1865.9649658203125 1869.0389404296875 1870.300048828125 1873.4830322265625 1875.39697265625 1874.83203125 1875.5810546875 1875.68603515625 1870.719970703125 1876.7099609375 1878.77294921875 1881.8160400390625 1884.6319580078125 1887.31103515625 1890.1529541015625 1894.1419677734375 1897.1590576171875 1901.18798828125 1901.280029296875 1902.115966796875 1903.135986328125 1907.905029296875 1907.93994140625 1906.696044921875 1911.823974609375 1911.98095703125 1909.3890380859375 1904.927001953125 1900.0400390625 1896.2919921875 1891.5369873046875 1886.7330322265625 1882.3330078125 1877.7440185546875 1873.8380126953125 1869.9189453125 1865.491943359375 1860.4739990234375 1853.406005859375 1845.0340576171875
1854.6629638671875 1859.510009765625 1862.64599609375 1865.8330078125 1870.072021484375 1872.717041015625 1874.8060302734375 1877.8179931640625 1880.1829833984375 1882.135986328125 1882.6650390625 1881.9739990234375 1882.0350341796875 1875.68994140625 1881.6319580078125 1885.843994140625 1887.1319580078125 1890.1619873046875 1893.2139892578125 1896.22705078125 1901.4639892578125 1903.509033203125 1907.970947265625 1908.5789794921875 1910.64599609375 1911.071044921875 1910.8909912109375 1911.8060302734375 1913.427001953125 1915.9749755859375 1912.6510009765625 1909.949951171875 1905.9649658203125 1901.363037109375 1896.9580078125 1891.720947265625 1887.157958984375 1882.718017578125 1878.2430419921875 1875.470947265625 1870.8380126953125 1867.3790283203125 1862.2509765625 1855.3809814453125 1846.60205078125
1861.9630126953125 1865.0849609375 1869.2359619140625 1872.23095703125 1875.02001953125 1878.833984375 1881.904052734375 1884.3289794921875 1884.552978515625 1888.3489990234375 1889.2769775390625 1888.5589599609375 1888.970947265625 1881.990966796875 1886.300048828125 1892.31201171875 1893.718017578125 1897.053955078125 1900.5269775390625 1903.512939453125 1906.175048828125 1909.9189453125 1913.0589599609375 1914.0699462890625 1916.083984375 1916.4830322265625 1913.9429931640625 1915.362060546875 1916.10205078125 1918.89599609375 1913.7640380859375 1909.613037109375 1906.2979736328125 1901.7530517578125 1897.56201171875 1891.9530029296875 1887.0050048828125 1882.2359619140625 1878.510009765625 1875.4189453125 1872.3709716796875 1868.2239990234375 1862.2430419921875 1855.0970458984375 1847.385009765625
1868.5 1869.5030517578125 1875.14697265625 1878.2869873046875 1881.31298828125 1883.864990234375 1888.4720458984375 1890.18798828125 1890.8709716796875 1894.9649658203125 1895.5830078125 1894.7249755859375 1895.373046875 1889.8070068359375 1890.93701171875 1897.3740234375 1900.5350341796875 1902.7860107421875 1904.8790283203125 1907.1390380859375 1910.4620361328125 1914.5469970703125 1917.0350341796875 1919.20703125 1920.344970703125 1922.1710205078125 1921.5450439453125 1919.802001953125 1921.614990234375 1920.0870361328125 1915.7950439453125 1911.2979736328125 1906.0789794921875 1903.1710205078125 1897.907958984375 1892.43505859375 1887.407958984375 1882.3199462890625 1877.8399658203125 1873.8470458984375 1870.7509765625 1865.45703125 1859.593994140625 1853.23095703125 1848.029052734375
1873.343017578125 1877.7349853515625 1879.468994140625 1884.8900146484375 1888.48095703125 1890.1009521484375 1893.1219482421875 1897.2159423828125 1898.0880126953125 1899.883056640625 1902.553955078125 1901.7879638671875 1901.7659912109375 1897.5050048828125 1896.572998046875 1902.6109619140625 1906.5999755859375 1909.4239501953125 1912.0999755859375 1914.22802734375 1915.677001953125 1918.5849609375 1922.2320556640625 1923.5419921875 1923.27001953125 1926.843017578125 1928.008056640625 1926.89599609375 1927.4429931640625 1922.656982421875 1917.998046875 1913.4439697265625 1908.2459716796875 1903.6400146484375 1899.2259521484375 1894.2249755859375 1888.2569580078125 1883.76904296875 1878.4310302734375 1874.280029296875 1870.3260498046875 1864.4189453125 1859.85595703125 1855.3199462890625 1848.0989990234375
