inst/data/test.asc
ncols        324
nrows        360
xllcorner    77665.000000000000
yllcorner    218635.000000000000
cellsize     10.000000000000
NODATA_value  -9999
[rows 180 to 199 of 360, columns 45 to 89 of 324]
1938.0889892578125 1943.2679443359375 1943.2740478515625 1950.4300537109375 1952.1490478515625 1956.18701171875 1963.3489990234375 1985.2139892578125 1991.9310302734375 1998.300048828125 2003.58203125 2009.2900390625 2040.3780517578125 2034.89794921875 2047.2449951171875 2059.35888671875 2064.117919921875 2065.451904296875 2066.8759765625 2069.694091796875 2074.927001953125 2082.654052734375 2089.93701171875 2095.055908203125 2100.8359375 2107.660888671875 2113.89208984375 2116.2900390625 2122.08203125 2128.306884765625 2134.489990234375 2140.798095703125 2146.4951171875 2151.306884765625 2158.52294921875 2165.39111328125 2172.306884765625 2178.513916015625 2184.68408203125 2192.322021484375 2199.862060546875 2208.009033203125 2215.31591796875 2223.197998046875 2231.881103515625
1934.2550048828125 1936.1719970703125 1935.133056640625 1940.011962890625 1946.2969970703125 1952.3590087890625 1960.68701171875 1974.7469482421875 1983.6689453125 1993.114990234375 1995.469970703125 1997.6689453125 2006.2969970703125 2021.8050537109375 2042.06005859375 2058.422119140625 2058.283935546875 2058.25390625 2059.431884765625 2062.280029296875 2069.237060546875 2075.06494140625 2082.3779296875 2090.718017578125 2097.97607421875 2103.845947265625 2106.322021484375 2110.798095703125 2117.304931640625 2124.262939453125 2130.427978515625 2135.39697265625 2141.638916015625 2148.069091796875 2154.287109375 2160.236083984375 2166.087890625 2173.556884765625 2182.556884765625 2191.27001953125 2200.156005859375 2207.985107421875 2217.166015625 2224.81494140625 2232.865966796875
1920.573974609375 1927.7960205078125 1926.095947265625 1929.6710205078125 1939.10400390625 1950.0340576171875 1953.115966796875 1958.218017578125 1983.1949462890625 1985.4599609375 1987.4969482421875 1988.98095703125 1989.5400390625 2011.89697265625 2043.905029296875 2056.011962890625 2052.68994140625 2050.947021484375 2051.464111328125 2056.758056640625 2062.85009765625 2068.85888671875 2077.660888671875 2085.73095703125 2090.85009765625 2095.464111328125 2098.799072265625 2107.6201171875 2115.3291015625 2119.8349609375 2124.14892578125 2129.18408203125 2135.156005859375 2142.095947265625 2148.80810546875 2157.5380859375 2166.35791015625 2175.0048828125 2184.528076171875 2193.55908203125 2201.615966796875 2209.944091796875 2217.965087890625 2225.93310546875 2233.29296875
1908.4549560546875 1918.3990478515625 1916.2120361328125 1919.487060546875 1937.85498046875 1941.531982421875 1946.81298828125 1954.0050048828125 1970.3489990234375 1976.7540283203125 1978.5560302734375 1978.5560302734375 1983.6629638671875 2004.8310546875 2037.5660400390625 2049.205078125 2045.5269775390625 2043.032958984375 2045.0400390625 2050.6650390625 2057.177978515625 2065.054931640625 2071.10009765625 2077.450927734375 2083.381103515625 2093.14501953125 2099.9169921875 2103.51611328125 2107.18701171875 2113.8740234375 2122.280029296875 2130.72802734375 2138.509033203125 2147.384033203125 2153.693115234375 2161.202880859375 2169.680908203125 2178.153076171875 2186.846923828125 2195.4580078125 2203.173095703125 2210.467041015625 2217.89892578125 2225.693115234375 2233.05908203125
1897.31494140625 1904.20703125 1903.281982421875 1916.3800048828125 1928.27099609375 1935.01904296875 1944.092041015625 1950.166015625 1962.83203125 1967.717041015625 1972.1090087890625 1968.22802734375 1979.4090576171875 2000.48095703125 2015.2979736328125 2031.6529541015625 2035.7569580078125 2033.9420166015625 2040.2030029296875 2048.610107421875 2054.576904296875 2059.52197265625 2064.791015625 2070.87109375 2076.778076171875 2082.402099609375 2090.81396484375 2098.804931640625 2107.678955078125 2116.8779296875 2126.010986328125 2133.300048828125 2141.56201171875 2149.720947265625 2155.927978515625 2164.736083984375 2172.408935546875 2179.589111328125 2187.3759765625 2195.04296875 2202.14501953125 2210.18994140625 2216.577880859375 2223.991943359375 2230.986083984375
1888.6810302734375 1895.47705078125 1896.239990234375 1914.4150390625 1922.8809814453125 1932.218994140625 1936.0340576171875 1944.9749755859375 1953.6390380859375 1958.35595703125 1960.8070068359375 1958.758056640625 1967.0980224609375 1982.3719482421875 2003.1910400390625 2018.2540283203125 2026.761962890625 2025.633056640625 2041.8919677734375 2045.08203125 2049.34912109375 2053.43505859375 2058.93798828125 2066.18505859375 2071.382080078125 2076.964111328125 2087.822021484375 2100.222900390625 2109.637939453125 2117.906005859375 2124.966064453125 2133.2880859375 2140.449951171875 2148.489013671875 2155.465087890625 2163.27001953125 2170.2880859375 2178.85595703125 2185.922119140625 2192.77197265625 2200.197998046875 2207.69091796875 2215.0810546875 2221.697021484375 2228.56396484375
1879.31396484375 1882.8289794921875 1891.5889892578125 1914.800048828125 1916.8489990234375 1918.572998046875 1926.342041015625 1933.1199951171875 1939.675048828125 1954.0179443359375 1951.4759521484375 1951.4580078125 1960.9580078125 1969.458984375 1981.8070068359375 2005.58203125 2009.9210205078125 2020.9820556640625 2019.342041015625 2032.885009765625 2040.0169677734375 2048.327880859375 2054.955078125 2062.177001953125 2071.863037109375 2079.674072265625 2089.486083984375 2099.970947265625 2107.22900390625 2114.48095703125 2123.362060546875 2130.823974609375 2137.97509765625 2145.4970703125 2153.39794921875 2160.8369140625 2168.346923828125 2176.013916015625 2183.81396484375 2191.300048828125 2197.962890625 2205.9599609375 2212.85791015625 2219.47412109375 2225.698974609375
1867.3929443359375 1878.47900390625 1890.4300537109375 1907.9320068359375 1906.8389892578125 1907.385009765625 1916.93896484375 1921.72802734375 1931.071044921875 1937.3680419921875 1942.884033203125 1944.7340087890625 1949.2349853515625 1956.9739990234375 1967.2239990234375 1978.0810546875 1998.095947265625 2013.135009765625 2008.7850341796875 2018.5909423828125 2039.2960205078125 2046.4100341796875 2056.126953125 2065.446044921875 2072.949951171875 2080.695068359375 2088.548095703125 2096.659912109375 2105.1259765625 2112.342041015625 2119.216064453125 2126.47412109375 2134.30908203125 2143.2919921875 2152.172119140625 2160.33203125 2167.763916015625 2174.64990234375 2182.72607421875 2190.10400390625 2196.784912109375 2203.9599609375 2210.071044921875 2216.235107421875 2221.9970703125
1860.7659912109375 1866.803955078125 1883.0570068359375 1885.4000244140625 1891.156982421875 1902.001953125 1908.197021484375 1915.0279541015625 1920.9229736328125 1928.2889404296875 1934.7659912109375 1936.166015625 1951.0489501953125 1952.113037109375 1957.779052734375 1968.35400390625 1987.2989501953125 1998.697021484375 2003.0589599609375 2026.677978515625 2037.968017578125 2046.488037109375 2058.367919921875 2070.594970703125 2077.19189453125 2083.1708984375 2089.239990234375 2095.2900390625 2102.56103515625 2112.64794921875 2121.77490234375 2130.031005859375 2136.501953125 2144.69189453125 2152.131103515625 2159.154052734375 2167.2060546875 2175.22705078125 2181.907958984375 2189.29296875 2195.7939453125 2201.327880859375 2206.862060546875 2212.173095703125 2218.013916015625
1853.9339599609375 1859.3179931640625 1866.2449951171875 1874.7840576171875 1882.14404296875 1890.5439453125 1902.0439453125 1908.31103515625 1913.2080078125 1921.3189697265625 1926.7149658203125 1936.4119873046875 1964.406005859375 1967.385986328125 1966.4969482421875 1978.8380126953125 1980.8809814453125 1989.7020263671875 2000.343017578125 2022.68798828125 2031.97802734375 2037.97998046875 2052.10693359375 2060.626953125 2072.60791015625 2079.031005859375 2084.077880859375 2091.27099609375 2104.044921875 2113.72412109375 2121.822998046875 2130.175048828125 2139.14599609375 2146.65087890625 2153.98095703125 2160.842041015625 2167.9208984375 2174.51806640625 2182.19091796875 2187.875 2193.986083984375 2198.179931640625 2203.257080078125 2209.1689453125 2214.986083984375
1860.748046875 1868.3480224609375 1876.760009765625 1877.1209716796875 1884.2950439453125 1895.428955078125 1900.907958984375 1908.81494140625 1913.7490234375 1927.406005859375 1938.4969482421875 1942.2230224609375 1973.8809814453125 1979.823974609375 1984.0240478515625 2000.7340087890625 2036.051025390625 2036.5679931640625 2050.14794921875 2038.77294921875 2022.154052734375 2030.511962890625 2041.656982421875 2051.6259765625 2060.5009765625 2069.458984375 2077.006103515625 2086.987060546875 2096.593994140625 2109.62109375 2115.37109375 2129.075927734375 2132.84912109375 2145.64111328125 2151.48095703125 2164.0869140625 2170.263916015625 2175.551025390625 2180.73095703125 2185.406005859375 2189.514892578125 2194.424072265625 2199.964111328125 2205.486083984375 2212.743896484375
1867.614990234375 1907.3919677734375 1900.2889404296875 1912.6669921875 1931.7440185546875 1950.6820068359375 1955.2850341796875 1943.6290283203125 1927.6639404296875 1922.6829833984375 1934.6639404296875 1950.3580322265625 1979.133056640625 1990.157958984375 2004.3800048828125 2022.77294921875 2047.7320556640625 2053.092041015625 2062.681884765625 2069.368896484375 2074.139892578125 2051.991943359375 2038.4129638671875 2047.18505859375 2055.843994140625 2064.677001953125 2072.801025390625 2080.929931640625 2092.06298828125 2100.007080078125 2109.22998046875 2118.1640625 2128.576904296875 2135.678955078125 2147.426025390625 2157.81494140625 2167.553955078125 2172.60791015625 2176.950927734375 2180.70703125 2185.39306640625 2190.386962890625 2196.864013671875 2203.94189453125 2210.91796875
1866.3480224609375 1875.2459716796875 1884.6619873046875 1920.1839599609375 1945.0469970703125 1970.4630126953125 1999.89794921875 1991.0340576171875 1955.6390380859375 1938.4610595703125 1932.969970703125 1945.467041015625 1965.72802734375 1986.04296875 2014.7750244140625 2034.741943359375 2046.0260009765625 2055.597900390625 2066.041015625 2078.797119140625 2093.10302734375 2092.89208984375 2067.614013671875 2054.864990234375 2064.31591796875 2073.26904296875 2084.095947265625 2089.2880859375 2099.923095703125 2113.6220703125 2106.44091796875 2114.884033203125 2124.075927734375 2133.510009765625 2142.294921875 2154.714111328125 2166.80908203125 2169.02587890625 2171.7900390625 2176.591064453125 2181.572021484375 2188.0009765625 2195.114990234375 2202.842041015625 2209.054931640625
1861.762939453125 1871.166015625 1884.14501953125 1928.35498046875 1954.9189453125 1988.614990234375 2006.5379638671875 2007.720947265625 1987.8270263671875 1960.60302734375 1945.39501953125 1948.4949951171875 1960.1639404296875 1977.739013671875 2024.4310302734375 2042.8470458984375 2053.115966796875 2062.54296875 2067.60888671875 2077.77490234375 2089.402099609375 2101.219970703125 2097.735107421875 2078.26806640625 2070.162109375 2090.837890625 2100.035888671875 2100.673095703125 2116.2529296875 2123.404052734375 2129.214111328125 2135.300048828125 2141.237060546875 2138.425048828125 2148.279052734375 2157.568115234375 2161.47998046875 2163.179931640625 2167.866943359375 2172.77001953125 2177.39599609375 2184.87109375 2191.803955078125 2199.988037109375 2206.09912109375
1865.9150390625 1875.9429931640625 1891.3310546875 1933.258056640625 1952.383056640625 1973.9959716796875 1999.302978515625 2011.801025390625 2014.697021484375 2004.3260498046875 1960.7110595703125 1954.31201171875 1964.0579833984375 1979.301025390625 2025.8070068359375 2041.85595703125 2055.39990234375 2068.780029296875 2077.030029296875 2087.556884765625 2095.181884765625 2103.93603515625 2110.485107421875 2104.824951171875 2089.27490234375 2094.616943359375 2108.76708984375 2117.47900390625 2123.656005859375 2131.29296875 2137.175048828125 2142.720947265625 2148.680908203125 2152.47900390625 2154.827880859375 2155.52490234375 2155.06298828125 2158.842041015625 2164.0869140625 2164.02099609375 2167.87890625 2174.93896484375 2188.282958984375 2196.99609375 2201.85693359375
1871.4969482421875 1885.2860107421875 1909.14599609375 1926.552978515625 1939.572998046875 1965.366943359375 1991.258056640625 2022.4300537109375 2021.5830078125 2011.3990478515625 1977.197998046875 1961.0350341796875 1981.5240478515625 1980.5870361328125 2023.7159423828125 2046.5899658203125 2058.114990234375 2070.300048828125 2092.501953125 2096.052978515625 2101.760986328125 2107.3369140625 2112.468017578125 2114.625 2109.294921875 2114.510986328125 2119.14892578125 2126.1669921875 2131.695068359375 2136.31005859375 2140.743896484375 2143.550048828125 2146.9150390625 2148.656982421875 2149.48095703125 2148.77099609375 2149.655029296875 2155.14697265625 2158.931884765625 2151.530029296875 2160.758056640625 2177.5400390625 2187.611083984375 2192.657958984375 2197.77099609375
1882.2039794921875 1886.656005859375 1896.612060546875 1918.927978515625 1937.2239990234375 1953.1939697265625 1973.7440185546875 2019.9610595703125 2026.4139404296875 2011.3740234375 1993.4749755859375 1972.3609619140625 1986.0970458984375 1987.7669677734375 2044.14501953125 2053.722900390625 2061.533935546875 2076.64599609375 2092.466064453125 2097.326904296875 2101.863037109375 2105.715087890625 2110.64794921875 2113.580078125 2116.89111328125 2116.830078125 2124.75 2130.385009765625 2133.77392578125 2137.469970703125 2139.614990234375 2141.778076171875 2143.243896484375 2142.631103515625 2142.541015625 2141.969970703125 2145.299072265625 2150.387939453125 2145.737060546875 2142.660888671875 2155.212890625 2175.094970703125 2183.759033203125 2188.98095703125 2193.47509765625
1889.1920166015625 1898.0780029296875 1900.697998046875 1914.468994140625 1940.06005859375 1974.0260009765625 1993.9019775390625 2025.176025390625 2042.52197265625 2027.375 1997.89697265625 1985.0389404296875 1985.051025390625 1998.35400390625 2053.7470703125 2063.318115234375 2069.405029296875 2077.222900390625 2090.39306640625 2095.2119140625 2099.947021484375 2103.887939453125 2106.4599609375 2110.68408203125 2114.530029296875 2118.705078125 2122.68310546875 2127.20703125 2130.89599609375 2134.027099609375 2136.49609375 2137.493896484375 2136.910888671875 2136.01611328125 2134.284912109375 2135.468994140625 2142.884033203125 2133.160888671875 2131.60498046875 2143.1708984375 2155.242919921875 2171.2919921875 2177.985107421875 2182.010009765625 2187.568115234375
1896.125 1904.321044921875 1918.9339599609375 1947.72705078125 1979.2889404296875 1993.625 2012.239990234375 2041.302978515625 2043.41796875 2043.3819580078125 2014.3070068359375 2001.3819580078125 1989.125 2007.7869873046875 2045.2330322265625 2062.4169921875 2074.050048828125 2080.5810546875 2087.5390625 2091.492919921875 2097.12890625 2102.139892578125 2103.510009765625 2108.826904296875 2110.444091796875 2114.842041015625 2119.930908203125 2122.844970703125 2126.655029296875 2129.875 2131.346923828125 2130.89599609375 2129.285888671875 2128.631103515625 2127.993896484375 2133.030029296875 2128.902099609375 2122.72509765625 2124.611083984375 2143.201904296875 2158.427001953125 2166.159912109375 2171.39990234375 2175.94189453125 2181.031005859375
1898.697021484375 1908.89404296875 1938.738037109375 1959.906005859375 1983.89794921875 2014.0369873046875 2036.303955078125 2039.446044921875 2044.8900146484375 2050.455078125 2031.0579833984375 2008.8330078125 2000.8289794921875 2015.7430419921875 2037.301025390625 2060.98193359375 2072.488037109375 2077.589111328125 2083.44091796875 2086.33203125 2091.10791015625 2096.912109375 2101.10009765625 2104.656982421875 2107.43896484375 2111.572998046875 2115.467041015625 2119.048095703125 2121.697998046875 2124.5400390625 2124.544921875 2124.22705078125 2123.535888671875 2121.48095703125 2119.51708984375 2123.535888671875 2114.534912109375 2113.044921875 2124.616943359375 2144.02490234375 2155.428955078125 2160.2060546875 2164.49609375 2166.76708984375 2170.9609375
