inst/data/test.asc
ncols        324
nrows        360
xllcorner    77665.000000000000
yllcorner    218635.000000000000
cellsize     10.000000000000
NODATA_value  -9999
[rows 180 to 199 of 360, columns 270 to 314 of 324]
1892.321044921875 1888.1650390625 1884.8289794921875 1880.18701171875 1874.9940185546875 1871.385986328125 1866.9849853515625 1862.4969482421875 1856.33203125 1853.0379638671875 1852.531005859375 1851.68505859375 1847.345947265625 1843.8740234375 1839.3509521484375 1834.1920166015625 1829.4759521484375 1826.9150390625 1822.0369873046875 1816.698974609375 1812.7889404296875 1808.7080078125 1804.6710205078125 1800.43603515625 1795.5150146484375 1790.9959716796875 1787.1600341796875 1781.06396484375 1777.3199462890625 1773.449951171875 1770.14404296875 1766.4169921875 1762.510986328125 1759.2760009765625 1755.64599609375 1751.4730224609375 1748.3070068359375 1745.14501953125 1742.35595703125 1738.0689697265625 1733.8349609375 1730.875 1727.10498046875 1724.7659912109375 1720.93896484375
1893.9849853515625 1889.4310302734375 1884.14599609375 1879.1319580078125 1873.136962890625 1870.60205078125 1868.0400390625 1864.7869873046875 1862.2469482421875 1859.7080078125 1855.8409423828125 1850.958984375 1848.6290283203125 1843.7509765625 1839.8370361328125 1835.1910400390625 1831.4599609375 1827.9219970703125 1825.5 1822.041015625 1813.5240478515625 1808.633056640625 1803.926025390625 1799.8360595703125 1795.3179931640625 1790.968994140625 1785.9119873046875 1782.4439697265625 1778.612060546875 1774.3819580078125 1770.739013671875 1766.31201171875 1762.699951171875 1759.2840576171875 1754.8179931640625 1751.8360595703125 1747.9300537109375 1744.251953125 1739.45703125 1737.3330078125 1732.447021484375 1728.9300537109375 1724.718017578125 1721.93798828125 1718.8280029296875
1892.6409912109375 1888.6729736328125 1882.572998046875 1879.4649658203125 1877.906005859375 1873.876953125 1871.512939453125 1866.989013671875 1863.7669677734375 1859.3349609375 1856.344970703125 1852.6529541015625 1847.780029296875 1844.7449951171875 1841.0360107421875 1837.6209716796875 1834.302001953125 1829.9840087890625 1826.551025390625 1823.416015625 1818.6080322265625 1814.2640380859375 1810.43701171875 1804.3160400390625 1797.322998046875 1790.9029541015625 1786.030029296875 1781.0159912109375 1777.863037109375 1773.1259765625 1768.8260498046875 1765.9969482421875 1762.5989990234375 1757.68994140625 1754.0870361328125 1749.85205078125 1746.344970703125 1742.823974609375 1738.4110107421875 1735.6610107421875 1732.280029296875 1728.0419921875 1723.8160400390625 1720.991943359375 1717.2740478515625
1893.2530517578125 1888.4940185546875 1887.0699462890625 1882.280029296875 1877.89697265625 1874.635009765625 1870.4969482421875 1866.43798828125 1863.9239501953125 1861.9320068359375 1856.93994140625 1853.9580078125 1848.5460205078125 1844.3990478515625 1841.45703125 1837.4189453125 1834.33203125 1831.5560302734375 1826.9320068359375 1823.508056640625 1821.113037109375 1819.0770263671875 1813.3800048828125 1806.26904296875 1800.7989501953125 1795.3919677734375 1790.0980224609375 1785.863037109375 1781.760986328125 1777.197998046875 1772.376953125 1767.2010498046875 1762.0870361328125 1756.5780029296875 1752.217041015625 1748.56494140625 1745.25 1740.635009765625 1737.447021484375 1733.655029296875 1731.0059814453125 1726.876953125 1724.178955078125 1720.3389892578125 1717.655029296875
1894.677001953125 1890.5340576171875 1887.989990234375 1884.6009521484375 1880.64697265625 1877.489990234375 1873.552978515625 1871.25 1867.615966796875 1863.5350341796875 1859.97900390625 1856.2659912109375 1851.0849609375 1847.031005859375 1842.6610107421875 1838.8819580078125 1835.1600341796875 1831.0570068359375 1827.9219970703125 1825.43896484375 1822.7679443359375 1819.1910400390625 1816.125 1810.949951171875 1805.4410400390625 1798.89501953125 1792.8699951171875 1789.1650390625 1785.864013671875 1781.23095703125 1776.698974609375 1771.6319580078125 1766.9339599609375 1760.375 1755.6409912109375 1749.1820068359375 1744.251953125 1740.3280029296875 1736.821044921875 1732.302001953125 1728.050048828125 1725.633056640625 1721.845947265625 1719.4849853515625 1715.904052734375
1894.550048828125 1891.9620361328125 1888.7740478515625 1885.60400390625 1882.0830078125 1878.9129638671875 1875.97900390625 1871.93798828125 1867.6510009765625 1863.0269775390625 1859.6590576171875 1855.031005859375 1850.594970703125 1846.3609619140625 1841.5 1838.2159423828125 1834.48095703125 1831.3499755859375 1829.366943359375 1826.81005859375 1823.52099609375 1821.529052734375 1817.5479736328125 1812.5570068359375 1806.4310302734375 1800.8389892578125 1794.5250244140625 1790.7989501953125 1787.7509765625 1784.4449462890625 1780.2939453125 1774.7459716796875 1770.166015625 1765.6639404296875 1759.8800048828125 1753.697021484375 1748.0660400390625 1742.990966796875 1737.3509521484375 1732.47705078125 1728.6109619140625 1724.4029541015625 1720.56298828125 1716.031005859375 1713.1319580078125
1896.218017578125 1892.9730224609375 1888.93994140625 1885.8800048828125 1881.697998046875 1879.5999755859375 1874.884033203125 1871.2060546875 1866.3890380859375 1863.4859619140625 1858.6610107421875 1854.571044921875 1851.1910400390625 1847.126953125 1842.18798828125 1838.386962890625 1835.029052734375 1831.6219482421875 1829.8480224609375 1827.18603515625 1823.1400146484375 1820.89404296875 1817.512939453125 1812.8060302734375 1806.31298828125 1800.8609619140625 1795.198974609375 1792.3050537109375 1789.3800048828125 1786.2879638671875 1782.155029296875 1777.5699462890625 1772.60498046875 1768.1910400390625 1763.2509765625 1757.7869873046875 1753.0179443359375 1746.4239501953125 1740.1180419921875 1734.6490478515625 1730.3489990234375 1725.4840087890625 1720.18994140625 1716.35498046875 1710.842041015625
1895.31103515625 1891.8570556640625 1888.7039794921875 1883.1689453125 1880.717041015625 1876.8280029296875 1872.720947265625 1869.4239501953125 1865.574951171875 1861.9010009765625 1858.530029296875 1854.7550048828125 1851.1639404296875 1846.3609619140625 1843.4530029296875 1839.949951171875 1836.0489501953125 1832.467041015625 1829.22705078125 1826.2540283203125 1823.2010498046875 1819.9090576171875 1815.489990234375 1809.3690185546875 1805.366943359375 1800.0770263671875 1796.3680419921875 1792.251953125 1789.31396484375 1785.9119873046875 1781.6949462890625 1777.302978515625 1773.0689697265625 1769.123046875 1764.946044921875 1759.4639892578125 1754.52001953125 1748.8409423828125 1741.677001953125 1737.407958984375 1732.22802734375 1727.3499755859375 1721.071044921875 1715.8900146484375 1711.1739501953125
1893.3800048828125 1889.842041015625 1886.9300537109375 1881.5050048828125 1878.31298828125 1874.1309814453125 1870.9959716796875 1867.68994140625 1864.1739501953125 1860.3070068359375 1857.491943359375 1854.1290283203125 1849.0009765625 1846.9129638671875 1843.7249755859375 1839.8280029296875 1836.2979736328125 1832.8170166015625 1829.6510009765625 1826.3370361328125 1823.7230224609375 1819.6280517578125 1814.9520263671875 1809.2989501953125 1803.6719970703125 1798.762939453125 1795.39599609375 1792.0770263671875 1788.5479736328125 1785.376953125 1781.60302734375 1777.9639892578125 1776.1080322265625 1771.7110595703125 1766.3909912109375 1760.0679931640625 1755.291015625 1749.9090576171875 1744.531982421875 1739.43505859375 1734.1719970703125 1728.470947265625 1721.3330078125 1714.7039794921875 1710.1629638671875
1893.6739501953125 1889.737060546875 1886.0849609375 1881.1639404296875 1878.0279541015625 1874.02197265625 1870.470947265625 1866.31494140625 1862.4530029296875 1859.1650390625 1856.1390380859375 1853.366943359375 1849.4129638671875 1845.9759521484375 1843.8260498046875 1839.1710205078125 1836.8719482421875 1832.375 1829.4320068359375 1826.967041015625 1823.0789794921875 1818.7879638671875 1812.7010498046875 1807.240966796875 1801.697021484375 1796.5389404296875 1793.053955078125 1790.9300537109375 1788.5389404296875 1786.2049560546875 1783.4329833984375 1780.5830078125 1777.3990478515625 1772.3680419921875 1767.06494140625 1761.8809814453125 1756.635009765625 1751.366943359375 1745.18896484375 1740.447021484375 1733.77294921875 1727.446044921875 1720.9169921875 1714.1610107421875 1708.073974609375
1892.85498046875 1887.758056640625 1885.529052734375 1880.1610107421875 1876.7320556640625 1873.02294921875 1870.77294921875 1867.279052734375 1863.197021484375 1860.5789794921875 1857.2509765625 1852.1500244140625 1849.7239990234375 1846.27294921875 1843.886962890625 1840.9969482421875 1837.6820068359375 1833.364990234375 1828.97705078125 1825.3599853515625 1821.030029296875 1815.656982421875 1810.2320556640625 1805.375 1799.998046875 1796.406982421875 1793.6669921875 1791.7879638671875 1789.7120361328125 1787.2779541015625 1784.2220458984375 1780.6090087890625 1776.2259521484375 1771.5670166015625 1766.9949951171875 1761.79296875 1756.1009521484375 1750.968994140625 1745.10595703125 1738.782958984375 1732.5909423828125 1726.6839599609375 1720.10302734375 1713.64794921875 1707.133056640625
1890.72705078125 1887.092041015625 1882.2979736328125 1878.64599609375 1875.947998046875 1871.1409912109375 1868.4429931640625 1865.3389892578125 1861.717041015625 1858.906005859375 1854.93896484375 1851.7640380859375 1847.9420166015625 1844.2550048828125 1840.887939453125 1839.0880126953125 1835.0069580078125 1830.7550048828125 1826.35400390625 1822.220947265625 1817.8509521484375 1812.85400390625 1808.553955078125 1804.1669921875 1799.9110107421875 1797.4630126953125 1794.5909423828125 1791.656982421875 1788.154052734375 1784.5059814453125 1781.248046875 1776.9129638671875 1772.85400390625 1768.85205078125 1764.1669921875 1759.60400390625 1754.3060302734375 1748.9239501953125 1743.0169677734375 1736.8079833984375 1730.9840087890625 1724.3499755859375 1717.199951171875 1712.10302734375 1706.366943359375
1887.7099609375 1886.260009765625 1882.6739501953125 1879.3599853515625 1875.6070556640625 1871.5699462890625 1867.0860595703125 1863.4949951171875 1858.72705078125 1855.425048828125 1851.926025390625 1848.905029296875 1845.7220458984375 1841.2159423828125 1838.6190185546875 1834.748046875 1830.56201171875 1826.4200439453125 1821.883056640625 1817.574951171875 1813.551025390625 1809.7540283203125 1806.18603515625 1802.6610107421875 1798.9300537109375 1795.6719970703125 1791.468994140625 1787.833984375 1784.0240478515625 1780.157958984375 1776.4320068359375 1772.6829833984375 1768.8699951171875 1764.9110107421875 1760.5369873046875 1755.9649658203125 1751.344970703125 1746.4720458984375 1740.52099609375 1734.333984375 1727.822998046875 1721.407958984375 1715.39599609375 1709.0250244140625 1702.842041015625
1885.511962890625 1883.0069580078125 1881.18994140625 1876.6710205078125 1874.52099609375 1869.9539794921875 1865.010009765625 1860.3199462890625 1855.8060302734375 1852.77197265625 1847.7490234375 1846.3480224609375 1842.0570068359375 1837.9620361328125 1834.2099609375 1829.9189453125 1826.012939453125 1821.6209716796875 1816.97900390625 1813.0469970703125 1808.43603515625 1805.501953125 1801.4610595703125 1799.2139892578125 1795.7950439453125 1793.22900390625 1788.154052734375 1784.677001953125 1780.718994140625 1777.657958984375 1774.75 1771.155029296875 1767.552001953125 1762.3890380859375 1758.3170166015625 1753.5830078125 1748.4029541015625 1743.47705078125 1737.573974609375 1731.2509765625 1724.5870361328125 1718.7939453125 1712.4659423828125 1706.0469970703125 1700.93701171875
1883.300048828125 1880.2530517578125 1877.5860595703125 1875.3790283203125 1870.8170166015625 1865.8990478515625 1862.3349609375 1856.85302734375 1853.4630126953125 1848.7340087890625 1844.77099609375 1840.199951171875 1838.0279541015625 1833.7459716796875 1829.594970703125 1825.3690185546875 1820.675048828125 1816.822021484375 1812.1800537109375 1808.1949462890625 1804.9420166015625 1801.8499755859375 1798.0980224609375 1796.81103515625 1795.0419921875 1792.032958984375 1787.51904296875 1784.760009765625 1781.4100341796875 1779.3480224609375 1777.052978515625 1772.6309814453125 1766.925048828125 1760.76904296875 1754.8310546875 1750.0009765625 1744.719970703125 1740.135986328125 1734.5489501953125 1728.303955078125 1721.6700439453125 1715.623046875 1708.98095703125 1704.1510009765625 1700.6259765625
1882.428955078125 1878.553955078125 1875.1300048828125 1870.322021484375 1866.0999755859375 1861.23095703125 1856.9840087890625 1851.9530029296875 1847.3719482421875 1842.47705078125 1839.25 1835.2130126953125 1831.9720458984375 1828.678955078125 1825.01904296875 1820.9510498046875 1816.2740478515625 1812.083984375 1809.0009765625 1805.427978515625 1802.801025390625 1802.0260009765625 1799.447021484375 1797.4189453125 1794.29296875 1791.095947265625 1787.4580078125 1785.2459716796875 1781.791015625 1779.2469482421875 1775.5560302734375 1770.9759521484375 1765.3489990234375 1758.7760009765625 1752.251953125 1746.030029296875 1741.2569580078125 1737.2850341796875 1731.907958984375 1725.0159912109375 1718.9730224609375 1712.8079833984375 1707.1199951171875 1703.801025390625 1701.883056640625
1877.529052734375 1873.740966796875 1869.68701171875 1865.5880126953125 1861.2530517578125 1856.8089599609375 1852.2769775390625 1847.0050048828125 1843.1729736328125 1837.8919677734375 1833.386962890625 1830.321044921875 1827.0069580078125 1823.8759765625 1820.4029541015625 1816.375 1814.0760498046875 1811.2030029296875 1808.4189453125 1804.802001953125 1804.0789794921875 1802.9010009765625 1800.1209716796875 1797.406005859375 1794.1920166015625 1790.6629638671875 1787.125 1784.41796875 1782.4520263671875 1778.7869873046875 1775.1219482421875 1769.2900390625 1763.3079833984375 1757.0069580078125 1750.8199462890625 1744.2960205078125 1738.970947265625 1733.4100341796875 1728.35302734375 1722.366943359375 1715.593017578125 1710.1500244140625 1707.133056640625 1705.4949951171875 1704.177001953125
1874.280029296875 1868.447998046875 1863.8890380859375 1860.4959716796875 1856.637939453125 1853.008056640625 1848.5550537109375 1843.541015625 1838.636962890625 1833.864013671875 1829.5989990234375 1825.52197265625 1822.6319580078125 1820.20703125 1816.384033203125 1814.5450439453125 1812.678955078125 1811.260009765625 1808.10302734375 1806.43896484375 1805.1429443359375 1802.3890380859375 1797.9100341796875 1796.1319580078125 1792.905029296875 1789.8919677734375 1787.3389892578125 1784.217041015625 1781.375 1777.4610595703125 1772.79296875 1767 1760.991943359375 1755.45703125 1748.6090087890625 1742.52197265625 1736.81201171875 1730.4410400390625 1724.416015625 1718.7889404296875 1713.0179443359375 1710.0889892578125 1709.0030517578125 1707.3299560546875 1706.4849853515625
1871.0350341796875 1865.06298828125 1859.8740234375 1855.9420166015625 1852.35498046875 1849.759033203125 1845.56005859375 1841.657958984375 1836.5660400390625 1830.802978515625 1826.7659912109375 1823.02197265625 1819.4010009765625 1816.550048828125 1813.5460205078125 1810.9019775390625 1809.6800537109375 1807.5169677734375 1805.634033203125 1804.2979736328125 1802.748046875 1800.239013671875 1797.0989990234375 1794.7130126953125 1792.137939453125 1788.5780029296875 1786.0689697265625 1782.97802734375 1780.240966796875 1776.47998046875 1770.9930419921875 1764.530029296875 1758.404052734375 1752.115966796875 1745.3690185546875 1739.3699951171875 1733.7869873046875 1727.0999755859375 1720.95703125 1715.8470458984375 1713.4649658203125 1712.0059814453125 1710.4520263671875 1708.58203125 1707.3909912109375
1867.3570556640625 1861.7659912109375 1856.3800048828125 1853.030029296875 1849.885986328125 1847.72705078125 1844.8809814453125 1840.0560302734375 1834.258056640625 1828.6929931640625 1824.6600341796875 1820.9990234375 1818.4549560546875 1815.29296875 1812.4169921875 1809.6619873046875 1807.416015625 1804.9329833984375 1802.8399658203125 1801.8509521484375 1800.1729736328125 1799.0830078125 1796.071044921875 1793.43505859375 1790.8199462890625 1788.27197265625 1786.1390380859375 1783.095947265625 1779.16796875 1774.3470458984375 1768.1820068359375 1761.5260009765625 1755.238037109375 1748.6090087890625 1742.260009765625 1735.9580078125 1729.281005859375 1723.7769775390625 1718.6400146484375 1716.0660400390625 1715.5360107421875 1713.2939453125 1711.4329833984375 1710.136962890625 1708.93701171875
