inst/data/test.asc
ncols        324
nrows        360
xllcorner    77665.000000000000
yllcorner    218635.000000000000
cellsize     10.000000000000
NODATA_value  -9999
[rows 120 to 139 of 360, columns 225 to 269 of 324]
2384.201904296875 2375.31005859375 2366.5791015625 2356.76708984375 2343.22412109375 2334.2958984375 2325.277099609375 2313.52392578125 2291.653076171875 2282.7919921875 2276.822998046875 2271.721923828125 2267.60498046875 2264.330078125 2254.263916015625 2239.84912109375 2227.867919921875 2220.511962890625 2210.5810546875 2207.2880859375 2204.14404296875 2200.574951171875 2204.01708984375 2201.1669921875 2201.18798828125 2199.14794921875 2195.4169921875 2193.114013671875 2184.466064453125 2175.35302734375 2163.14990234375 2155.110107421875 2148.156982421875 2141.20703125 2134.60009765625 2121.967041015625 2113.31396484375 2105.138916015625 2096.950927734375 2088.881103515625 2080.25390625 2071.22607421875 2062.931884765625 2055.611083984375 2048.534912109375
2383.031005859375 2373.363037109375 2365.347900390625 2357.337890625 2347.429931640625 2335.029052734375 2322.134033203125 2307.59912109375 2290.31396484375 2279.033935546875 2270.740966796875 2263.258056640625 2259.549072265625 2257.302001953125 2248.23388671875 2235.885986328125 2229.35302734375 2217.7890625 2211.77197265625 2204.10009765625 2197.405029296875 2192.263916015625 2191.138916015625 2192.5400390625 2189.2119140625 2188.843994140625 2185.240966796875 2187.31591796875 2183.156005859375 2175.537109375 2165.672119140625 2156.743896484375 2147.06591796875 2139.306884765625 2132.656005859375 2122.470947265625 2114.001953125 2106.01904296875 2096.964111328125 2088.639892578125 2080.845947265625 2071.655029296875 2063.256103515625 2054.7880859375 2046.4720458984375
2379.929931640625 2371.531005859375 2363.59912109375 2354.68798828125 2344.18603515625 2337.323974609375 2320.054931640625 2291.635009765625 2284.509033203125 2275.824951171875 2267.14990234375 2259.43505859375 2252.455078125 2245.742919921875 2238.2939453125 2233.52197265625 2223.431884765625 2215.052001953125 2207.735107421875 2201.3720703125 2195.52197265625 2188.48095703125 2182.52587890625 2180.200927734375 2177.708984375 2178.243896484375 2175.365966796875 2176.676025390625 2173.583984375 2172.5419921875 2163.20703125 2154.037109375 2146.134033203125 2138.325927734375 2129.055908203125 2122.318115234375 2114.256103515625 2105.625 2096.863037109375 2087.60302734375 2079.611083984375 2072.47802734375 2063.452880859375 2054.62109375 2047.3260498046875
2375.952880859375 2370.406982421875 2361.580078125 2351.659912109375 2337.486083984375 2321.3291015625 2303.298095703125 2299.26611328125 2287.5810546875 2276.76611328125 2265.573974609375 2255.23095703125 2251.097900390625 2243.986083984375 2236.419921875 2229.4619140625 2222.074951171875 2215.304931640625 2207.427978515625 2199.677001953125 2190.176025390625 2184.136962890625 2176.447998046875 2172.822998046875 2170.0810546875 2168.52294921875 2165.864990234375 2165.929931640625 2157.52294921875 2155.22900390625 2157.18994140625 2151.365966796875 2143.343994140625 2135.822021484375 2128.43505859375 2121.635009765625 2113.450927734375 2104.740966796875 2094.968017578125 2087.322021484375 2080.135986328125 2071.2041015625 2061.81494140625 2054.87890625 2047.0980224609375
2365.407958984375 2363.714111328125 2360.589111328125 2350.8310546875 2336.6689453125 2319.0400390625 2314.0830078125 2310.297119140625 2297.9609375 2284.54296875 2270.2109375 2258.427001953125 2246.179931640625 2240.277099609375 2233.9990234375 2226.0859375 2219.972900390625 2213.198974609375 2206.5791015625 2200.299072265625 2195.4560546875 2184.912109375 2174.653076171875 2167.248046875 2161.840087890625 2162.427001953125 2158.123046875 2154.125 2150.2099609375 2147.4208984375 2147.031005859375 2147.758056640625 2138.93896484375 2129.616943359375 2119.506103515625 2115.972900390625 2109.089111328125 2099.827880859375 2095.112060546875 2085.912109375 2077.837890625 2069.071044921875 2062.3369140625 2055.593994140625 2048.468994140625
2359.093017578125 2355.823974609375 2353.949951171875 2351.389892578125 2338.60302734375 2330.384033203125 2325.492919921875 2316.47998046875 2308.18896484375 2297.135986328125 2280.18994140625 2262.925048828125 2251.06689453125 2244.9580078125 2239.218017578125 2232.383056640625 2225.54296875 2217.64794921875 2210.60302734375 2207.625 2199.794921875 2190.569091796875 2185.319091796875 2175.427978515625 2163.262939453125 2153.888916015625 2153.9580078125 2148.594970703125 2143.778076171875 2140.427978515625 2137.60888671875 2138.23388671875 2134.56494140625 2122.010986328125 2113.5029296875 2107.052978515625 2102.261962890625 2097.1220703125 2087.991943359375 2081.2919921875 2078.2099609375 2069.179931640625 2059.780029296875 2052.886962890625 2042.6009521484375
2352.423095703125 2347.1240234375 2345.406005859375 2343.968994140625 2338.989013671875 2330.925048828125 2325.9560546875 2317.97607421875 2308.416015625 2296.680908203125 2287.464111328125 2269.785888671875 2255.9580078125 2246.027099609375 2239.02099609375 2232.51904296875 2225.98095703125 2222.4208984375 2217.419921875 2211.912109375 2205.846923828125 2199.218017578125 2194.6201171875 2186.738037109375 2171.179931640625 2150.39404296875 2148.008056640625 2144.85107421875 2140.047119140625 2134.69189453125 2130.506103515625 2130.007080078125 2127.751953125 2123.8720703125 2109.256103515625 2100.221923828125 2094.9189453125 2091.845947265625 2086.97998046875 2080.762939453125 2069.89892578125 2065.199951171875 2058.882080078125 2048.68408203125 2038.427978515625
2347.429931640625 2341.110107421875 2337.4140625 2335.364990234375 2330.24609375 2323.426025390625 2317.923095703125 2315.531005859375 2309.02392578125 2299.885986328125 2290.9140625 2279.10009765625 2263.462890625 2255.5810546875 2248.4140625 2240.837890625 2233.660888671875 2227.39892578125 2221.908935546875 2217.2490234375 2211.570068359375 2207.02490234375 2201.073974609375 2194.029052734375 2184.238037109375 2157.513916015625 2148.7919921875 2138.60693359375 2135.304931640625 2131.94189453125 2125.868896484375 2120.81103515625 2117.43896484375 2115.323974609375 2106.242919921875 2097.529052734375 2089.568115234375 2083.43798828125 2078.931884765625 2078.406982421875 2069.864013671875 2060.72900390625 2049.9619140625 2039.759033203125 2034.3160400390625
2348.572021484375 2338.200927734375 2331.02099609375 2327.06689453125 2323.281982421875 2317.8330078125 2311.12109375 2307.491943359375 2305.802978515625 2299.7109375 2290.760986328125 2280.969970703125 2268.89697265625 2261.1650390625 2253.791015625 2246.14111328125 2238.885009765625 2233.073974609375 2228.547119140625 2223.09912109375 2217.949951171875 2212.18310546875 2205.802978515625 2198.3291015625 2190.3369140625 2177.1220703125 2161.652099609375 2137.83203125 2130.583984375 2125.6630859375 2123.197998046875 2117.697998046875 2111.81689453125 2106.97900390625 2102.01708984375 2094.660888671875 2088.302978515625 2079.77294921875 2071.318115234375 2071.304931640625 2068.011962890625 2059.06591796875 2045.0489501953125 2033.9530029296875 2025.7509765625
2347.653076171875 2339.14501953125 2332.43310546875 2324.501953125 2316.702880859375 2311.679931640625 2308.591064453125 2300.090087890625 2297.924072265625 2293.427001953125 2289.845947265625 2280.444091796875 2270.805908203125 2261.760009765625 2252.319091796875 2244.319091796875 2239.4189453125 2233.162109375 2227.219970703125 2220.385009765625 2214.443115234375 2208.589111328125 2202.93603515625 2196.760986328125 2189.85595703125 2180.48095703125 2164.822021484375 2146.19091796875 2133.260009765625 2125.136962890625 2117.697998046875 2112.5 2107.662109375 2103.076904296875 2097.3759765625 2091.8330078125 2086.01708984375 2077.4609375 2064.64892578125 2059.56494140625 2058.287109375 2048.4951171875 2038.6729736328125 2030.64697265625 2023.136962890625
2352.123046875 2342.1298828125 2332.822998046875 2327.48193359375 2319.886962890625 2311.986083984375 2303.68896484375 2298.35302734375 2288.512939453125 2283.885986328125 2282.47998046875 2279.681884765625 2271.471923828125 2262.718994140625 2253.300048828125 2244.569091796875 2236.22705078125 2229.2919921875 2222.85400390625 2216.2119140625 2210.156005859375 2203.592041015625 2197.8740234375 2193.114013671875 2186.89111328125 2179.324951171875 2167.81298828125 2150.77099609375 2133.55810546875 2127.19091796875 2120.5 2112.947021484375 2106.339111328125 2100.69091796875 2094.00390625 2088.653076171875 2083.280029296875 2079.322021484375 2067.902099609375 2058.763916015625 2049.445068359375 2041.43994140625 2035.258056640625 2033.365966796875 2033.22998046875
2351.822021484375 2345.200927734375 2337.4140625 2329.633056640625 2321.197021484375 2311.781005859375 2303.1708984375 2294.694091796875 2286.804931640625 2278.487060546875 2273.76708984375 2274.14794921875 2269.0419921875 2261.375 2253.93896484375 2246.3291015625 2237.89990234375 2229.9609375 2222.52197265625 2214.425048828125 2205.658935546875 2197.4619140625 2191.402099609375 2187.845947265625 2183.113037109375 2176.5048828125 2168.972900390625 2155.8720703125 2143.56298828125 2128.907958984375 2123.35107421875 2115.14892578125 2109.885986328125 2103.300048828125 2097.419921875 2092.528076171875 2088.31591796875 2081.22705078125 2073.782958984375 2064.22412109375 2053.241943359375 2050.22900390625 2049.06494140625 2055.12109375 2048.262939453125
2346.1689453125 2341.06689453125 2336.22998046875 2329.073974609375 2320.47607421875 2312.2080078125 2304.06103515625 2295.7509765625 2287.007080078125 2275.657958984375 2265.76708984375 2266.2529296875 2263.743896484375 2259.02294921875 2251.291015625 2243.346923828125 2236.428955078125 2229.930908203125 2222.172119140625 2213.926025390625 2205.452880859375 2199.156005859375 2189.864990234375 2183.19091796875 2176.889892578125 2172.656005859375 2166.5791015625 2156.62109375 2145.095947265625 2133.114990234375 2128.385986328125 2122.9169921875 2115.2939453125 2108.235107421875 2103.23388671875 2099.94189453125 2090.574951171875 2083.958984375 2076.93505859375 2070.5029296875 2071.22998046875 2070.178955078125 2065.9619140625 2056.8720703125 2048.1630859375
2340.387939453125 2334.865966796875 2330.804931640625 2326.635009765625 2321.06494140625 2313.9208984375 2305.76708984375 2297.7099609375 2289.85400390625 2280.571044921875 2267.14208984375 2259.093994140625 2258.257080078125 2252.26708984375 2247.90087890625 2241.656982421875 2233.739990234375 2227.177001953125 2219.965087890625 2211.965087890625 2203.89892578125 2196.327880859375 2188.58203125 2180.35791015625 2172.7880859375 2166.342041015625 2162.1689453125 2156.757080078125 2147.714111328125 2139.407958984375 2135.501953125 2128.675048828125 2120.623046875 2114.799072265625 2109.618896484375 2102.0869140625 2094.7490234375 2088.215087890625 2081.60302734375 2077.172119140625 2077.75 2071.1689453125 2065.257080078125 2058.263916015625 2049.931884765625
2335.4130859375 2329.39306640625 2325.264892578125 2320.7470703125 2316.365966796875 2311.427001953125 2305.02197265625 2297.049072265625 2288.5830078125 2279.923095703125 2268.743896484375 2253.7509765625 2251.3740234375 2244.455078125 2241.464111328125 2235.693115234375 2230.035888671875 2225.822998046875 2220.35888671875 2212.760986328125 2203.906982421875 2195.889892578125 2187.56201171875 2178.614990234375 2170.2919921875 2163.277099609375 2158.284912109375 2153.02197265625 2146.93994140625 2141.05908203125 2136.447998046875 2131.635009765625 2125.097900390625 2118.3369140625 2112.10595703125 2105.218017578125 2099.193115234375 2092.68603515625 2086.06103515625 2080.01806640625 2074.05908203125 2067.910888671875 2062.450927734375 2056.087890625 2050.15087890625
2339.14990234375 2329.279052734375 2320.5 2314.1669921875 2310.069091796875 2305.31689453125 2300.85205078125 2294.988037109375 2289.653076171875 2283.697998046875 2273.60498046875 2259.325927734375 2247.804931640625 2238.5 2233.7490234375 2230.237060546875 2223.9541015625 2217.595947265625 2213.198974609375 2210.822021484375 2206.653076171875 2199.4541015625 2192.23388671875 2181.02392578125 2171.027099609375 2162.375 2153.946044921875 2148.6689453125 2143.343994140625 2134.7880859375 2130.589111328125 2126.262939453125 2121.555908203125 2117.001953125 2110.700927734375 2104.333984375 2096.81494140625 2090.18603515625 2083.298095703125 2076.18310546875 2069.0009765625 2063.278076171875 2057.402099609375 2053.050048828125 2046.905029296875
2340.06396484375 2331.31494140625 2323.347900390625 2314.989990234375 2304.8720703125 2298.443115234375 2294.52490234375 2290.14501953125 2283.923095703125 2278.73193359375 2272.837890625 2263.4150390625 2253.22998046875 2239.47998046875 2233.993896484375 2228.909912109375 2222.68798828125 2217.323974609375 2207.138916015625 2199.764892578125 2202.409912109375 2197.470947265625 2190.906005859375 2180.048095703125 2172.302001953125 2163.7490234375 2152.867919921875 2143.8349609375 2137.58203125 2132.077880859375 2126.2451171875 2120.216064453125 2116.10400390625 2112.47900390625 2109.06298828125 2102.9541015625 2095.839111328125 2089.055908203125 2081.970947265625 2075.31103515625 2068.029052734375 2060.489013671875 2052.970947265625 2046.6729736328125 2042.447998046875
2337.179931640625 2331.72998046875 2323.612060546875 2315.1220703125 2305.99609375 2297.2529296875 2288.72705078125 2283.325927734375 2279.08203125 2273.31201171875 2266.720947265625 2260.7490234375 2252.696044921875 2245.821044921875 2239.468017578125 2232.291015625 2224.6669921875 2218.326904296875 2208.26904296875 2198.8759765625 2190.27197265625 2179.324951171875 2180.64794921875 2172.52490234375 2167.054931640625 2161.819091796875 2153.73095703125 2144.2900390625 2134.547119140625 2127.0029296875 2121.3759765625 2114.383056640625 2110.708984375 2106.23388671875 2103.4541015625 2100.449951171875 2095.883056640625 2089.341064453125 2082.31689453125 2075.425048828125 2068.908935546875 2061.9951171875 2053.697021484375 2046.60302734375 2037.7750244140625
2331.069091796875 2327.427978515625 2322.802001953125 2316.9130859375 2306.6259765625 2296.615966796875 2287.02099609375 2277.9541015625 2272.637939453125 2268.4599609375 2261.48388671875 2254.885009765625 2248.553955078125 2242.593994140625 2235.531005859375 2229.375 2222.60107421875 2213.922119140625 2206.509033203125 2199.77001953125 2190.971923828125 2177.22705078125 2158.154052734375 2156.970947265625 2156.2529296875 2155.43505859375 2152.5009765625 2146.287109375 2136.05810546875 2124.033935546875 2116.72607421875 2111.27001953125 2104.31591796875 2099.81494140625 2096.509033203125 2094.052001953125 2092.781982421875 2087.864990234375 2081.652099609375 2075.573974609375 2069.950927734375 2064.302978515625 2058.785888671875 2049.322998046875 2041.2130126953125
2323.720947265625 2322.423095703125 2315.93994140625 2311.5048828125 2305.99609375 2299.33203125 2292.824951171875 2279.75 2271.0380859375 2261.489013671875 2257.052978515625 2252.367919921875 2245.593994140625 2239.5419921875 2232.5048828125 2225.739990234375 2219.912109375 2212.44189453125 2203.986083984375 2197.422119140625 2188.464111328125 2178.590087890625 2163.9599609375 2147.277099609375 2146.785888671875 2148.81396484375 2143.199951171875 2141.885986328125 2135.322998046875 2124.072998046875 2115.662109375 2108.221923828125 2102.4951171875 2093.968994140625 2090.14208984375 2086.739990234375 2087.445068359375 2085.26904296875 2079.506103515625 2073.10009765625 2066.30908203125 2060.59912109375 2054.83203125 2049.615966796875 2042.9210205078125
